seqnames	start	end	A0316	A0351	AH003	B0316	B0351	BH003	C0316	C0351	CH003	D0316	D0351	DH003	A_PMD	B_PMD	C_PMD	D_PMD	A_LMR	B_LMR	C_LMR	D_LMR	A_UMR	B_UMR	C_UMR	D_UMR	BasicPMD	BasicLMR	BasicUMR	SpecificPMD	AB_areaStat	AB_diff.Methy	AC_areaStat	AC_diff.Methy	AD_areaStat	AD_diff.Methy	BC_areaStat	BC_diff.Methy	BD_areaStat	BD_diff.Methy	CD_areaStat	CD_diff.Methy	annotation	geneId	distanceToTSS	line	cateRange
chr1	37420600	37420700	67.24834	70.833336	79.04	89.583336	95.78	85.185	69.92167	79.723335	75.92667	79.25499725341797	92.7316665649414	87.89666748046875																													Distal Intergenic	101108002	-253007.0	184501	Distal
chr1	37421000	37421100	72.725	100.0	95.0	96.43	95.835	90.0	100.0	100.0	96.665	100.0	96.66500091552734	100.0																													Distal Intergenic	101108002	-252607.0	184502	Distal
chr1	37421300	37421400	92.31	100.0	92.855	92.31	100.0	100.0	96.155	100.0	100.0	97.5	100.0	100.0																													Distal Intergenic	101108002	-252307.0	184503	Distal
chr1	37421600	37421700	84.25	93.75	93.335	88.79	91.67	93.66	96.43	95.455	90.3	96.0	100.0	94.44499969482422																													Distal Intergenic	101108002	-252007.0	184504	Distal
chr1	37422500	37422600	100.0	98.335	91.61	92.855	88.31	69.83	83.89	83.93	100.0	96.7750015258789	100.0	90.91000366210938																													Distal Intergenic	101108002	-251107.0	184505	Distal
chr1	37422600	37422700	100.0	93.105	100.0	100.0	92.31	94.445	83.335	100.0	97.915	90.45999908447266	92.8550033569336	85.0																													Distal Intergenic	101108002	-251007.0	184506	Distal
chr1	37422700	37422800	87.388	92.29	88.886	94.144	93.008	92.588	100.0	92.142	87.842	87.8239974975586	91.0	92.90599822998047																													Distal Intergenic	101108002	-250907.0	184507	Distal
chr1	37422800	37422900	85.334	92.05	92.842	95.222	97.142	86.488	87.334	88.064	97.334	91.02200317382812	91.80599975585938	92.14199829101562																													Distal Intergenic	101108002	-250807.0	184508	Distal
chr1	37423500	37423600	96.349	95.209	91.833	75.893	74.127	75.623	59.998	64.639	64.904	94.77999877929688	94.90399932861328	84.16600036621094																													Distal Intergenic	101108002	-250107.0	184509	Distal
chr1	37423600	37423700	36.905	50.0	47.22167	100.0	97.916664	95.37	66.666664	65.278336	66.666664	97.4366683959961	97.22166442871094	94.4433364868164																													Distal Intergenic	101108002	-250007.0	184510	Distal
chr1	37423700	37423800	50.0	42.855	50.0	100.0	60.0	91.665	66.67	90.28	68.75	76.625	85.70999908447266	87.5																													Distal Intergenic	101108002	-249907.0	184511	Distal
chr1	37424000	37424100	86.335	92.855	100.0	80.715	100.0	97.06	84.295	94.445	94.0	92.1050033569336	79.16500091552734	100.0																													Distal Intergenic	101108002	-249607.0	184512	Distal
chr1	37424100	37424200	92.31	94.445	93.75	100.0	94.445	95.835	100.0	100.0	96.0	100.0	96.15499877929688	92.8550033569336																													Distal Intergenic	101108002	-249507.0	184513	Distal
chr1	37424600	37424700	86.875	86.11	87.5	88.31	78.75	95.455	96.155	77.38	86.43	97.91500091552734	96.43000030517578	77.5																													Distal Intergenic	101108002	-249007.0	184514	Distal
chr1	37424700	37424800	89.475	74.445	80.0	96.875	100.0	95.835	91.665	87.82	100.0	92.30999755859375	91.31999969482422	100.0																													Distal Intergenic	101108002	-248907.0	184515	Distal
chr1	37424900	37425000	89.761665	82.458336	91.46833	94.21333	92.42167	89.363335	88.653336	86.92667	88.763336	89.39167022705078	90.96833038330078	88.63666534423828																													Distal Intergenic	101108002	-248707.0	184516	Distal
chr1	37425000	37425100	94.761665	89.14167	99.02	89.058334	91.75166	96.611664	91.28167	91.025	89.635	94.57666778564453	95.33833312988281	90.2249984741211																													Distal Intergenic	101108002	-248607.0	184517	Distal
chr1	37425200	37425300	84.43	86.305	75.0	97.06	88.54	84.405	76.705	95.0	98.65	96.43000030517578	78.88999938964844	94.44499969482422																													Distal Intergenic	101108002	-248407.0	184518	Distal
chr1	37425900	37426000	90.415	86.035	95.455	81.665	85.71	90.0	68.89	85.335	94.445	90.625	77.77999877929688	92.8550033569336																													Distal Intergenic	101108002	-247707.0	184519	Distal
chr1	37426000	37426100	40.155	94.365	90.91	43.685	85.0	90.225	55.555	95.455	93.335	55.91999816894531	90.625	95.45500183105469																													Distal Intergenic	101108002	-247607.0	184520	Distal
chr1	37426600	37426700	85.835	96.43	97.5	95.455	96.665	98.15	69.05	100.0	97.675	95.16000366210938	92.30999755859375	87.5																													Distal Intergenic	101108002	-247007.0	184521	Distal
chr1	37426800	37426900	87.12	91.665	95.0	90.91	100.0	95.455	92.31	87.3	96.155	96.66500091552734	100.0	100.0																													Distal Intergenic	101108002	-246807.0	184522	Distal
chr1	37426900	37427000	85.06834	97.16333	94.63	83.56167	93.75	87.71167	83.405	88.721664	91.63	95.95166778564453	85.5566635131836	94.83999633789062																													Distal Intergenic	101108002	-246707.0	184523	Distal
chr1	37427000	37427100	89.9	86.605	91.155	87.12	72.915	76.625	72.225	85.455	96.875	89.20500183105469	87.5	90.0																													Distal Intergenic	101108002	-246607.0	184524	Distal
chr1	37427200	37427300	39.475	44.735	40.91	50.0	40.0	45.12	93.335	97.06	92.855	45.71500015258789	46.43000030517578	50.0																													Distal Intergenic	101108002	-246407.0	184525	Distal
chr1	37427300	37427400	57.81	82.925	82.145	38.46	50.0	32.355	78.965	60.715	65.55	30.55500030517578	30.55500030517578	36.11000061035156																													Distal Intergenic	101108002	-246307.0	184526	Distal
chr1	37427400	37427500	69.445	100.0	83.335	42.855	40.0	45.65	93.75	91.665	97.62	98.07499694824219	74.16500091552734	100.0																													Distal Intergenic	101108002	-246207.0	184527	Distal
chr1	37427500	37427600	41.665	46.875	28.125	70.835	30.3	61.875	21.43	27.275	23.53	0.0	0.0	0.0																													Distal Intergenic	101108002	-246107.0	184528	Distal
chr1	37427700	37427800	91.665	85.895	95.0	92.31	75.645	89.335	76.665	79.765	86.955	86.66500091552734	77.5	80.41500091552734																													Distal Intergenic	101108002	-245907.0	184529	Distal
chr1	37427800	37427900	93.18	88.685	87.5	91.175	96.875	89.285	100.0	76.67	88.235	95.58999633789062	71.56999969482422	91.66500091552734																													Distal Intergenic	101108002	-245807.0	184530	Distal
chr1	37427900	37428000	76.67	93.445	95.835	100.0	97.22	94.735	41.665	36.11	47.62	40.90999984741211	37.5	34.6150016784668																													Distal Intergenic	101108002	-245707.0	184531	Distal
chr1	37428000	37428100	41.935	40.475	45.835	81.175	89.285	98.15	100.0	71.795	94.32	45.650001525878906	45.0	42.10499954223633																													Distal Intergenic	101108002	-245607.0	184532	Distal
chr1	37428100	37428200	59.285	89.06	91.665	66.665	95.835	97.37	96.155	75.0	77.085	93.94000244140625	100.0	91.66500091552734																													Distal Intergenic	101108002	-245507.0	184533	Distal
chr1	37428500	37428600	77.61833	93.333336	95.0	98.14833	93.888336	95.238335	74.80167	68.16	77.083336	84.91999816894531	95.76667022705078	90.72000122070312																													Distal Intergenic	101108002	-245107.0	184534	Distal
chr1	37428600	37428700	85.415	91.665	82.855	87.5	100.0	95.455	85.455	93.75	92.855	96.43000030517578	83.33499908447266	88.54000091552734																													Distal Intergenic	101108002	-245007.0	184535	Distal
chr1	37428900	37429000	88.54	78.965	93.75	43.7275	40.9	43.5175	88.79	84.6225	82.08	70.8324966430664	64.01000213623047	65.07499694824219																													Distal Intergenic	101108002	-244707.0	184536	Distal
chr1	37429000	37429100	44.23	42.855	46.43	91.12	100.0	98.215	66.665	100.0	98.57	97.29499816894531	100.0	92.5																													Distal Intergenic	101108002	-244607.0	184537	Distal
chr1	37429700	37429800	91.84333	96.425	100.0	94.166664	98.14833	83.22833	62.5	61.40167	59.595	97.61833190917969	89.15333557128906	96.10333251953125																													Distal Intergenic	101108002	-243907.0	184538	Distal
chr1	37430500	37430600	56.945	95.455	100.0	45.0	93.75	96.155	54.17	96.43	93.335	54.76499938964844	96.43000030517578	80.0																													Distal Intergenic	101108002	-243107.0	184539	Distal
chr1	37430600	37430700	78.03	83.75	66.67	84.165	100.0	77.5	82.14	70.835	95.835	83.33499908447266	84.02999877929688	90.0																													Distal Intergenic	101108002	-243007.0	184540	Distal
chr1	37431000	37431100	79.655	78.87	100.0	100.0	95.455	83.75	87.5	84.725	89.845	82.8550033569336	81.16999816894531	85.31999969482422																													Distal Intergenic	101108002	-242607.0	184541	Distal
chr1	37431100	37431200	87.5	71.38	81.25	70.835	79.17	85.835	92.855	82.64	69.7	75.6449966430664	68.33499908447266	73.75																													Distal Intergenic	101108002	-242507.0	184542	Distal
chr1	37431300	37431400	68.27	74.645	83.765	76.34	66.07	76.39	83.335	78.46	86.11	68.23500061035156	64.1050033569336	57.724998474121094																													Distal Intergenic	101108002	-242307.0	184543	Distal
chr1	37432200	37432300	84.39	88.015	87.5	75.525	95.455	95.59	82.64	95.835	96.775	97.62000274658203	100.0	90.91000366210938																													Distal Intergenic	101108002	-241407.0	184544	Distal
chr1	37432300	37432400	91.175	82.145	87.82	93.75	95.455	93.335	83.33	89.12	87.09	83.65499877929688	91.61000061035156	100.0																													Distal Intergenic	101108002	-241307.0	184545	Distal
chr1	37432900	37433000	32.145	31.25	50.0	94.445	80.0	87.955	84.52	95.0	84.165	96.15499877929688	62.85499954223633	91.66500091552734																													Distal Intergenic	101108002	-240707.0	184546	Distal
chr1	37433000	37433100	74.1675	55.0	77.1425	58.5275	84.7225	58.8375	70.28	69.7225	72.025	67.23999786376953	81.54750061035156	69.8499984741211																													Distal Intergenic	101108002	-240607.0	184547	Distal
chr1	37433100	37433200	92.33	100.0	79.465	100.0	100.0	100.0	97.06	95.455	90.0	100.0	100.0	96.43000030517578																													Distal Intergenic	101108002	-240507.0	184548	Distal
chr1	37433300	37433400	90.0	84.028336	92.06167	100.0	80.35667	96.29667	96.23167	92.75667	100.0	84.4433364868164	97.91666412353516	86.538330078125																													Distal Intergenic	101108002	-240307.0	184549	Distal
chr1	37433400	37433500	82.28625	83.555	80.9925	80.16	84.88	95.01375	86.00875	92.03375	88.7775	75.1137466430664	89.25	93.83875274658203																													Distal Intergenic	101108002	-240207.0	184550	Distal
chr1	37433700	37433800	50.0	44.205	50.0	97.22	96.155	96.875	100.0	69.7	82.5	87.30000305175781	100.0	90.0																													Distal Intergenic	101108002	-239907.0	184551	Distal
chr1	37434000	37434100	100.0	87.5	85.355	92.675	95.0	97.725	100.0	91.665	95.0	88.88999938964844	78.79000091552734	87.12000274658203																													Distal Intergenic	101108002	-239607.0	184552	Distal
chr1	37434100	37434200	91.99	93.75	81.665	86.665	100.0	89.73	95.835	80.0	100.0	87.5	100.0	91.66500091552734																													Distal Intergenic	101108002	-239507.0	184553	Distal
chr1	37434200	37434300	89.69	96.29667	93.72	90.278336	92.85667	95.833336	94.64333	89.63	94.285	88.538330078125	96.25	89.81500244140625																													Distal Intergenic	101108002	-239407.0	184554	Distal
chr1	37434300	37434400	93.095	96.155	95.455	97.5	100.0	100.0	92.855	100.0	100.0	100.0	94.44499969482422	92.8550033569336																													Distal Intergenic	101108002	-239307.0	184555	Distal
chr1	37434400	37434500	83.4875	88.095	84.13	91.1325	95.14	94.035	76.725	89.585	84.97	88.5625	97.22250366210938	92.95500183105469																													Distal Intergenic	101108002	-239207.0	184556	Distal
chr1	37434500	37434600	100.0	100.0	100.0	100.0	92.31	93.75	95.455	100.0	95.835	94.12000274658203	100.0	100.0																													Distal Intergenic	101108002	-239107.0	184557	Distal
chr1	37434600	37434700	87.89667	88.986664	94.815	94.583336	92.92167	91.666664	95.236664	96.666664	96.666664	94.44499969482422	84.59666442871094	88.19499969482422																													Distal Intergenic	101108002	-239007.0	184558	Distal
chr1	37435900	37436000	92.855	95.0	92.31	94.445	68.75	83.335	85.0	90.625	100.0	100.0	87.8550033569336	85.0																													Distal Intergenic	101108002	-237707.0	184559	Distal
chr1	37436100	37436200	80.0	86.665	100.0	92.8575	100.0	85.3575	95.2275	88.095	100.0	78.33499908447266	100.0	100.0																													Distal Intergenic	101108002	-237507.0	184560	Distal
chr1	37436300	37436400	96.875	93.155	97.5	93.91	100.0	91.155	91.6675	89.5825	95.2075	100.0	91.96499633789062	93.75																													Distal Intergenic	101108002	-237307.0	184561	Distal
chr1	37436400	37436500	92.31	94.355	94.445	50.0	45.835	45.455	90.0	92.855	95.835	97.82499694824219	90.18000030517578	77.08499908447266																													Distal Intergenic	101108002	-237207.0	184562	Distal
chr1	37436600	37436700	94.445	93.395	95.0	92.855	96.875	92.0	95.0	100.0	100.0	48.3849983215332	44.44499969482422	50.0																													Distal Intergenic	101108002	-237007.0	184563	Distal
chr1	37436800	37436900	77.885	94.445	95.835	81.665	83.335	93.335	50.0	40.0	35.485	88.88999938964844	71.43000030517578	95.0																													Distal Intergenic	101108002	-236807.0	184564	Distal
chr1	37437400	37437500	84.52	86.665	90.91	86.605	81.82	93.75	100.0	95.835	90.0	83.76499938964844	85.02999877929688	93.75																													Distal Intergenic	101108002	-236207.0	184565	Distal
chr1	37437800	37437900	93.75	79.76	87.145	82.955	86.805	81.4275	68.75	57.955	61.6075	87.85749816894531	83.37750244140625	92.80999755859375																													Distal Intergenic	101108002	-235807.0	184566	Distal
chr1	37437900	37438000	50.0	33.335	40.91	38.46	37.5	38.89	63.335	81.25	80.0	91.66500091552734	89.28500366210938	84.08999633789062																													Distal Intergenic	101108002	-235707.0	184567	Distal
chr1	37438000	37438100	44.445	50.0	37.5	81.82	81.665	90.0	62.5	100.0	91.665	37.5	45.45500183105469	35.29499816894531																													Distal Intergenic	101108002	-235607.0	184568	Distal
chr1	37438100	37438200	65.0	70.8325	62.3075	73.7675	90.9725	95.8325	77.005	87.3025	96.4275	95.8324966430664	89.09750366210938	76.99250030517578																													Distal Intergenic	101108002	-235507.0	184569	Distal
chr1	37438200	37438300	67.265	73.215	93.75	89.445	87.5	92.855	88.75	95.835	100.0	100.0	95.45500183105469	91.66500091552734																													Distal Intergenic	101108002	-235407.0	184570	Distal
chr1	37438600	37438700	88.095	94.74	83.335	100.0	96.155	86.655	100.0	86.06	95.0	96.43000030517578	87.5	100.0																													Distal Intergenic	101108002	-235007.0	184571	Distal
chr1	37438700	37438800	91.665	88.385	90.0	93.75	100.0	92.915	100.0	93.335	100.0	100.0	81.74500274658203	94.44499969482422																													Distal Intergenic	101108002	-234907.0	184572	Distal
chr1	37439300	37439400	100.0	64.44334	100.0	55.556667	66.666664	66.666664	33.333332	16.666666	33.333332	38.88999938964844	66.66666412353516	66.66666412353516																													Distal Intergenic	101108002	-234307.0	184573	Distal
chr1	37439400	37439500	100.0	33.33	100.0	0.0	0.0	0.0	100.0	100.0	100.0	0.0	0.0	0.0																													Distal Intergenic	101108002	-234207.0	184574	Distal
chr1	37440000	37440100	87.82	90.68	75.96	91.4	93.75	83.765	95.0	83.335	87.12	85.1449966430664	96.15499877929688	81.74500274658203																													Distal Intergenic	101108002	-233607.0	184575	Distal
chr1	37440200	37440300	88.465	91.6675	90.1775	86.1125	96.4275	92.465	78.925	80.7925	91.025	91.42749786376953	68.62249755859375	92.5																													Distal Intergenic	101108002	-233407.0	184576	Distal
chr1	37441000	37441100	91.67	81.25	85.71	100.0	85.71	90.48	83.33	100.0	93.33	80.0	75.0	85.70999908447266																													Distal Intergenic	101108002	-232607.0	184577	Distal
chr1	37441100	37441200	94.74	81.48	100.0	83.33	84.62	93.75	90.0	80.0	66.67	90.91000366210938	100.0	100.0																													Distal Intergenic	101108002	-232507.0	184578	Distal
chr1	37441200	37441300	83.28	86.975	82.855	92.5	83.73	85.0	93.335	85.455	95.455	91.875	82.8550033569336	71.42500305175781																													Distal Intergenic	101108002	-232407.0	184579	Distal
chr1	37441500	37441600	64.075	88.3925	100.0	90.715	95.14	86.0825	79.7225	95.0	97.2225	84.72250366210938	86.80750274658203	90.27749633789062																													Distal Intergenic	101108002	-232107.0	184580	Distal
chr1	37441600	37441700	66.315	79.735	93.75	92.855	85.415	90.835	58.335	86.155	89.445	89.28500366210938	69.69999694824219	85.0																													Distal Intergenic	101108002	-232007.0	184581	Distal
chr1	37441800	37441900	70.835	84.615	85.415	35.0	87.5	83.335	55.355	80.0	78.79	56.40999984741211	77.8550033569336	81.66500091552734																													Distal Intergenic	101108002	-231807.0	184582	Distal
chr1	37441900	37442000	75.0	52.085	55.0	41.665	73.215	60.715	21.11	61.665	43.75	12.699999809265137	42.85499954223633	45.0																													Distal Intergenic	101108002	-231707.0	184583	Distal
chr1	37442000	37442100	91.945	93.33375	95.03875	78.75	80.72875	79.6875	75.0	61.47	75.0	90.625	89.56749725341797	92.87000274658203																													Distal Intergenic	101108002	-231607.0	184584	Distal
chr1	37442100	37442200	100.0	100.0	94.445	94.445	100.0	100.0	90.0	95.455	87.5	100.0	86.66500091552734	41.665000915527344																													Distal Intergenic	101108002	-231507.0	184585	Distal
chr1	37442500	37442600	95.0	96.875	91.665	85.455	74.175	92.0	86.665	62.855	100.0	92.8550033569336	93.75	90.0																													Distal Intergenic	101108002	-231107.0	184586	Distal
chr1	37442600	37442700	48.8625	61.895	72.5	80.3575	92.855	98.215	62.5	96.4275	100.0	62.5	67.22250366210938	75.0																													Distal Intergenic	101108002	-231007.0	184587	Distal
chr1	37442700	37442800	95.455	83.335	90.18	93.75	92.855	86.365	63.335	66.665	85.715	100.0	79.46499633789062	96.15499877929688																													Distal Intergenic	101108002	-230907.0	184588	Distal
chr1	37442800	37442900	80.555	76.5975	96.25	80.3575	72.1975	90.2	93.75	100.0	89.4675	79.44249725341797	67.26249694824219	95.45500183105469																													Distal Intergenic	101108002	-230807.0	184589	Distal
chr1	37442900	37443000	100.0	94.445	82.575	96.875	96.875	100.0	75.645	96.155	92.105	74.44499969482422	70.0	84.44499969482422																													Distal Intergenic	101108002	-230707.0	184590	Distal
chr1	37443000	37443100	98.075	92.855	97.22	39.13	50.0	43.105	96.665	92.105	91.105	82.80999755859375	89.90499877929688	97.62000274658203																													Distal Intergenic	101108002	-230607.0	184591	Distal
chr1	37443500	37443600	95.24	70.715	100.0	96.43	87.5	100.0	43.335	45.455	47.295	48.334999084472656	44.119998931884766	45.0																													Distal Intergenic	101108002	-230107.0	184592	Distal
chr1	37444400	37444500	74.14	93.27	100.0	55.235	95.0	97.5	56.25	81.665	96.875	76.78500366210938	88.33000183105469	92.8550033569336																													Distal Intergenic	101108002	-229207.0	184593	Distal
chr1	37444900	37445000	80.91	80.095	85.0	100.0	100.0	81.945	84.725	80.0	90.0	93.4800033569336	80.91000366210938	87.5																													Distal Intergenic	101108002	-228707.0	184594	Distal
chr1	37445000	37445100	70.835	91.345	85.835	75.0	100.0	78.72	88.725	76.28	96.665	92.59500122070312	77.2750015258789	76.66500091552734																													Distal Intergenic	101108002	-228607.0	184595	Distal
chr1	37445200	37445300	84.165	97.17	90.91	90.0	93.75	87.5	96.155	87.855	97.295	79.62999725341797	79.16500091552734	88.30999755859375																													Distal Intergenic	101108002	-228407.0	184596	Distal
chr1	37445400	37445500	89.285	95.31	93.75	95.455	96.155	90.475	88.75	86.365	96.155	93.4800033569336	89.58499908447266	91.66500091552734																													Distal Intergenic	101108002	-228207.0	184597	Distal
chr1	37445600	37445700	48.215	100.0	97.22	38.885	100.0	88.89	44.55	95.0	100.0	62.5	100.0	100.0																													Distal Intergenic	101108002	-228007.0	184598	Distal
chr1	37445700	37445800	95.455	96.875	95.0	90.0	83.75	100.0	96.155	85.715	92.855	84.5199966430664	94.44499969482422	100.0																													Distal Intergenic	101108002	-227907.0	184599	Distal
chr1	37445900	37446000	73.51889	70.28111	70.496666	94.32111	90.74111	88.452225	90.43667	85.43667	93.00889	87.61444091796875	94.97333526611328	94.1611099243164																													Distal Intergenic	101108002	-227707.0	184600	Distal
chr1	37446000	37446100	35.0	28.125	33.335	39.285	36.365	32.355	33.335	41.665	35.715	61.43000030517578	75.0	80.0																													Distal Intergenic	101108002	-227607.0	184601	Distal
chr1	37446100	37446200	75.0	75.0	62.5	0.0	0.0	0.0	50.0	44.44	50.0	50.0	57.13999938964844	36.36000061035156																													Distal Intergenic	101108002	-227507.0	184602	Distal
chr1	37446300	37446400	78.13	76.705	86.155	96.43	100.0	87.845	84.345	85.715	98.075	89.28500366210938	87.06500244140625	87.5																													Distal Intergenic	101108002	-227307.0	184603	Distal
chr1	37446700	37446800	86.80666	97.61833	94.65833	91.666664	92.121666	93.75	91.666664	95.555	95.833336	91.66666412353516	89.42333221435547	95.83333587646484																													Distal Intergenic	101108002	-226907.0	184604	Distal
chr1	37446800	37446900	100.0	100.0	87.3	100.0	100.0	91.665	87.5	100.0	87.5	100.0	100.0	100.0																													Distal Intergenic	101108002	-226807.0	184605	Distal
chr1	37446900	37447000	96.875	100.0	89.285	95.455	100.0	88.885	79.165	100.0	91.665	87.5	85.55500030517578	92.8550033569336																													Distal Intergenic	101108002	-226707.0	184606	Distal
chr1	37448000	37448100	96.155	81.485	100.0	98.075	85.0	98.72	90.0	87.82	84.365	96.55000305175781	90.0	100.0																													Distal Intergenic	101108002	-225607.0	184607	Distal
chr1	37448100	37448200	55.0	80.49	100.0	26.47	50.0	45.12	16.665	50.0	47.62	44.154998779296875	91.66500091552734	95.45500183105469																													Distal Intergenic	101108002	-225507.0	184608	Distal
chr1	37448300	37448400	92.2225	92.72	100.0	100.0	95.0225	92.445	91.6675	98.0775	92.365	93.52999877929688	91.25	96.42749786376953																													Distal Intergenic	101108002	-225307.0	184609	Distal
chr1	37448400	37448500	55.055	95.0	90.0	43.18	100.0	91.43	29.87	90.91	95.835	39.81999969482422	95.0	95.0																													Distal Intergenic	101108002	-225207.0	184610	Distal
chr1	37449600	37449700	95.455	90.0	95.0	100.0	95.0	100.0	91.67	95.455	87.5	94.44499969482422	95.45500183105469	91.66500091552734																													Distal Intergenic	101108002	-224007.0	184611	Distal
chr1	37450000	37450100	75.0	100.0	70.0	90.0	94.445	87.5	86.365	75.0	83.335	75.0	83.33499908447266	80.0																													Distal Intergenic	101108002	-223607.0	184612	Distal
chr1	37450100	37450200	100.0	83.335	95.455	76.19	100.0	100.0	100.0	91.665	100.0	100.0	100.0	70.23500061035156																													Distal Intergenic	101108002	-223507.0	184613	Distal
chr1	37451000	37451100	95.455	82.06	86.365	97.06	100.0	64.585	96.155	100.0	87.5	95.45500183105469	94.44499969482422	87.5																													Distal Intergenic	101108002	-222607.0	184614	Distal
chr1	37451300	37451400	64.5825	95.8325	100.0	75.0	100.0	100.0	56.25	98.0775	100.0	62.5	71.875	72.22250366210938																													Distal Intergenic	101108002	-222307.0	184615	Distal
chr1	37451400	37451500	85.5	98.75	94.566	94.166	93.417	95.321	86.889	96.1	96.75	96.66699981689453	90.0	93.33300018310547																													Distal Intergenic	101108002	-222207.0	184616	Distal
chr1	37451500	37451600	78.57	95.835	100.0	83.335	100.0	92.855	93.75	95.455	90.0	100.0	75.0	90.0																													Distal Intergenic	101108002	-222107.0	184617	Distal
chr1	37451800	37451900	86.11	85.455	90.91	93.75	79.81	97.62	92.855	88.89	95.0	80.16000366210938	81.81999969482422	94.44499969482422																													Distal Intergenic	101108002	-221807.0	184618	Distal
chr1	37452000	37452100	70.29	92.31	95.0	83.89	84.52	88.46	88.89	80.0	77.78	84.61499786376953	100.0	83.33499908447266																													Distal Intergenic	101108002	-221607.0	184619	Distal
chr1	37452200	37452300	35.2575	59.76	60.455	59.3925	71.53	70.1325	53.9275	94.375	92.435	58.10749816894531	88.09500122070312	71.97250366210938																													Distal Intergenic	101108002	-221407.0	184620	Distal
chr1	37452300	37452400	58.945	59.09	76.19	78.41	77.78	90.695	65.715	60.26	81.17	76.38999938964844	87.5	65.27999877929688																													Distal Intergenic	101108002	-221307.0	184621	Distal
chr1	37452600	37452700	100.0	92.595	95.835	82.795	92.855	69.445	93.75	75.0	92.105	94.83000183105469	92.8550033569336	83.33499908447266																													Distal Intergenic	101108002	-221007.0	184622	Distal
chr1	37452700	37452800	37.5	47.2225	45.8325	58.3325	100.0	87.7275	50.0	45.8325	50.0	50.0	38.689998626708984	50.0																													Distal Intergenic	101108002	-220907.0	184623	Distal
chr1	37452800	37452900	10.0	20.0	50.0	29.165	83.335	91.665	16.665	50.0	50.0	0.0	0.0	0.0																													Distal Intergenic	101108002	-220807.0	184624	Distal
chr1	37453000	37453100	64.28667	62.5	66.666664	66.666664	64.28667	64.10333	87.88	69.23	66.55	55.55666732788086	57.776668548583984	66.66666412353516																													Distal Intergenic	101108002	-220607.0	184625	Distal
chr1	37453500	37453600	83.765	93.75	100.0	96.0	90.91	100.0	92.855	95.455	97.37	80.0	94.44499969482422	96.43000030517578																													Distal Intergenic	101108002	-220107.0	184626	Distal
chr1	37453700	37453800	85.715	75.0	88.903336	61.111668	64.285	62.963333	91.666664	93.485	98.14833	92.36166381835938	80.94999694824219	86.84333038330078																													Distal Intergenic	101108002	-219907.0	184627	Distal
chr1	37453800	37453900	60.833332	54.96	53.33	81.653336	83.93667	89.583336	59.921665	62.121666	57.671665	56.66666793823242	53.14833450317383	55.621665954589844																													Distal Intergenic	101108002	-219807.0	184628	Distal
chr1	37453900	37454000	91.665	100.0	97.06	93.75	90.91	100.0	95.835	100.0	96.43	87.5	100.0	95.45500183105469																													Distal Intergenic	101108002	-219707.0	184629	Distal
chr1	37454000	37454100	92.855	91.665	96.875	95.0	100.0	84.52	100.0	91.665	100.0	92.8550033569336	100.0	100.0																													Distal Intergenic	101108002	-219607.0	184630	Distal
chr1	37454200	37454300	100.0	100.0	100.0	42.86	80.0	75.0	100.0	66.67	66.67	0.0	0.0	0.0																													Distal Intergenic	101108002	-219407.0	184631	Distal
chr1	37454500	37454600	82.825	89.395	94.8825	98.3325	89.395	83.9275	75.3575	89.135	96.875	94.04750061035156	89.01499938964844	84.1675033569336																													Distal Intergenic	101108002	-219107.0	184632	Distal
chr1	37455100	37455200	66.1475	91.86375	95.5075	96.955	81.87	86.9325	94.57375	80.38625	93.24375	93.84500122070312	90.64125061035156	94.04624938964844																													Distal Intergenic	101108002	-218507.0	184633	Distal
chr1	37455300	37455400	90.32	80.0	83.33	71.43	72.73	83.33	69.23	91.67	53.33	67.5	50.0	66.66999816894531																													Distal Intergenic	101108002	-218307.0	184634	Distal
chr1	37455400	37455500	75.84	76.19	82.29	80.0	78.57	84.615	41.665	40.0	31.82	84.375	76.27999877929688	75.0																													Distal Intergenic	101108002	-218207.0	184635	Distal
chr1	37455500	37455600	91.665	87.5	87.5	100.0	90.0	85.0	73.335	100.0	83.335	94.44499969482422	79.28500366210938	69.44499969482422																													Distal Intergenic	101108002	-218107.0	184636	Distal
chr1	37456100	37456200	95.24	78.37	100.0	78.15	86.43	80.715	87.5	86.665	88.445	61.84000015258789	100.0	91.66500091552734																													Distal Intergenic	101108002	-217507.0	184637	Distal
chr1	37456200	37456300	74.60333	87.29667	91.666664	82.223335	100.0	85.316666	100.0	91.666664	100.0	55.55666732788086	66.66666412353516	61.11000061035156																													Distal Intergenic	101108002	-217407.0	184638	Distal
chr1	37456300	37456400	82.18833	91.415	95.833336	96.10333	80.475	91.36833	85.55666	81.111664	100.0	52.5	66.66666412353516	66.66666412353516																													Distal Intergenic	101108002	-217307.0	184639	Distal
chr1	37456500	37456600	62.5	83.33	70.09	87.5	85.715	91.665	71.425	63.335	62.5	42.85499954223633	33.334999084472656	35.71500015258789																													Distal Intergenic	101108002	-217107.0	184640	Distal
chr1	37456600	37456700	65.475	73.57	61.605	85.715	75.0	83.335	68.18	73.335	54.165	87.5	68.69000244140625	69.36499786376953																													Distal Intergenic	101108002	-217007.0	184641	Distal
chr1	37457000	37457100	87.37	95.89	93.75	96.665	100.0	96.43	91.665	100.0	98.15	98.61000061035156	85.8550033569336	100.0																													Distal Intergenic	101108002	-216607.0	184642	Distal
chr1	37457200	37457300	78.41	97.96	75.0	89.445	100.0	91.385	87.5	96.155	95.9	98.38500213623047	85.71499633789062	93.75																													Distal Intergenic	101108002	-216407.0	184643	Distal
chr1	37457600	37457700	95.455	93.15	91.665	87.855	96.43	93.75	100.0	100.0	100.0	97.22000122070312	100.0	96.43000030517578																													Distal Intergenic	101108002	-216007.0	184644	Distal
chr1	37458000	37458100	41.665	50.0	50.0	95.0	75.0	83.335	75.0	85.715	95.455	91.66500091552734	93.21499633789062	75.0																													Distal Intergenic	101108002	-215607.0	184645	Distal
chr1	37458400	37458500	90.22125	96.1325	93.005	97.30125	94.86625	90.7725	95.83375	92.05375	96.4775	90.68875122070312	93.40249633789062	88.89250183105469																													Distal Intergenic	101108002	-215207.0	184646	Distal
chr1	37458500	37458600	73.81	93.3025	74.105	89.2325	88.6875	88.6875	72.5	91.875	93.75	82.5	97.5	74.3125																													Distal Intergenic	101108002	-215107.0	184647	Distal
chr1	37458600	37458700	78.57	100.0	100.0	66.665	91.665	87.5	71.43	82.855	100.0	100.0	90.91000366210938	75.0																													Distal Intergenic	101108002	-215007.0	184648	Distal
chr1	37458900	37459000	81.41	94.735	100.0	87.5	78.03	79.605	100.0	87.5	93.335	93.33000183105469	81.25	96.15499877929688																													Distal Intergenic	101108002	-214707.0	184649	Distal
chr1	37459100	37459200	76.46167	88.83833	77.221664	87.5	84.628334	85.916664	90.43	87.06333	100.0	81.72333526611328	85.11833190917969	83.20166778564453																													Distal Intergenic	101108002	-214507.0	184650	Distal
chr1	37459300	37459400	90.2775	92.605	95.4175	89.05	88.485	89.935	77.48	88.6175	91.875	90.68250274658203	89.93000030517578	84.1875																													Distal Intergenic	101108002	-214307.0	184651	Distal
chr1	37459600	37459700	81.665	87.275	100.0	97.06	100.0	86.0	92.855	100.0	93.75	100.0	100.0	100.0																													Distal Intergenic	101108002	-214007.0	184652	Distal
chr1	37459800	37459900	60.415	92.855	100.0	100.0	100.0	96.875	87.3	91.11	96.055	100.0	80.625	100.0																													Distal Intergenic	101108002	-213807.0	184653	Distal
chr1	37459900	37460000	59.74	65.0975	68.9275	77.17	82.8775	71.4975	84.8425	77.7725	89.235	75.9625015258789	85.2874984741211	86.2874984741211																													Distal Intergenic	101108002	-213707.0	184654	Distal
chr1	37460000	37460100	82.44	71.775	73.505	75.0	70.14	75.185	67.855	88.31	91.07	89.28500366210938	91.29000091552734	66.36499786376953																													Distal Intergenic	101108002	-213607.0	184655	Distal
chr1	37460100	37460200	75.145	97.1425	84.74	90.5775	82.935	95.0	96.5475	97.2225	98.485	96.68499755859375	95.30000305175781	72.44000244140625																													Distal Intergenic	101108002	-213507.0	184656	Distal
chr1	37460700	37460800	75.0	99.205	95.455	93.18	100.0	97.725	96.155	90.0	87.02	92.2699966430664	93.75	88.19499969482422																													Distal Intergenic	101108002	-212907.0	184657	Distal
chr1	37460800	37460900	87.59	94.3425	100.0	92.1725	85.5775	96.39	92.1725	95.09	90.505	94.19499969482422	85.22750091552734	89.16500091552734																													Distal Intergenic	101108002	-212807.0	184658	Distal
chr1	37460900	37461000	90.0	73.08	93.75	91.665	100.0	91.38	92.855	81.365	91.43	77.2750015258789	70.0	91.66500091552734																													Distal Intergenic	101108002	-212707.0	184659	Distal
chr1	37461000	37461100	81.50667	79.191666	85.23167	70.3	84.405	89.08833	83.75	77.28167	83.75	84.59666442871094	87.30166625976562	68.61000061035156																													Distal Intergenic	101108002	-212607.0	184660	Distal
chr1	37461100	37461200	97.776665	88.89	88.333336	91.316666	94.44334	92.46	82.40667	100.0	78.57	76.9433364868164	90.47666931152344	76.66666412353516																													Distal Intergenic	101108002	-212507.0	184661	Distal
chr1	37461200	37461300	84.62	100.0	92.86	87.5	100.0	92.86	100.0	100.0	60.0	92.30999755859375	77.77999877929688	72.7300033569336																													Distal Intergenic	101108002	-212407.0	184662	Distal
chr1	37461400	37461500	95.46667	97.916664	93.16333	96.666664	94.445	100.0	95.455	95.238335	97.221664	91.66666412353516	92.59333038330078	100.0																													Distal Intergenic	101108002	-212207.0	184663	Distal
chr1	37461900	37462000	96.155	97.06	87.5	100.0	91.665	88.635	83.89	100.0	92.06	95.23999786376953	90.625	83.91500091552734																													Distal Intergenic	101108002	-211707.0	184664	Distal
chr1	37462100	37462200	68.75	67.7075	62.5	95.0	89.015	91.6675	47.2225	45.2275	50.0	92.5	79.1675033569336	84.8499984741211																													Distal Intergenic	101108002	-211507.0	184665	Distal
chr1	37462200	37462300	87.5	92.8575	91.665	72.1225	88.1825	87.5	97.5	100.0	87.5	97.72750091552734	84.1050033569336	78.3324966430664																													Distal Intergenic	101108002	-211407.0	184666	Distal
chr1	37462400	37462500	89.445	92.665	90.835	95.835	88.565	90.895	92.82	96.665	89.405	93.18000030517578	100.0	96.15499877929688																													Distal Intergenic	101108002	-211207.0	184667	Distal
chr1	37462600	37462700	91.666664	83.62334	86.805	86.885	79.25166	85.19666	75.88	69.61	84.64333	93.17333221435547	90.9749984741211	94.83999633789062																													Distal Intergenic	101108002	-211007.0	184668	Distal
chr1	37463200	37463300	45.835	38.46	43.75	79.165	77.275	82.355	76.19	95.455	75.0	65.625	81.25	88.45999908447266																													Distal Intergenic	101108002	-210407.0	184669	Distal
chr1	37463600	37463700	91.175	89.19	85.0	46.875	46.665	46.875	58.655	83.75	96.665	45.94499969482422	47.5	45.834999084472656																													Distal Intergenic	101108002	-210007.0	184670	Distal
chr1	37464000	37464100	66.3825	53.445	72.7275	91.42	94.3375	96.545	86.345	96.2925	94.2925	97.58000183105469	85.4175033569336	93.07749938964844																													Distal Intergenic	101108002	-209607.0	184671	Distal
chr1	37464400	37464500	39.13	48.15	50.0	47.06	41.665	50.0	92.855	92.855	98.53	92.8550033569336	91.66500091552734	72.62000274658203																													Distal Intergenic	101108002	-209207.0	184672	Distal
chr1	37464600	37464700	100.0	97.2225	88.5425	100.0	88.095	97.7275	48.61	50.0	48.215	98.75	100.0	93.61000061035156																													Distal Intergenic	101108002	-209007.0	184673	Distal
chr1	37465200	37465300	34.09	39.285	36.365	75.0	90.625	91.175	69.05	67.855	97.06	94.44499969482422	95.0	87.5																													Distal Intergenic	101108002	-208407.0	184674	Distal
chr1	37465300	37465400	88.0	91.665	100.0	74.245	96.43	100.0	95.835	96.155	92.855	100.0	87.5	100.0																													Distal Intergenic	101108002	-208307.0	184675	Distal
chr1	37465800	37465900	70.835	75.93	96.43	100.0	90.0	92.855	45.835	44.445	47.62	46.775001525878906	43.75	42.85499954223633																													Distal Intergenic	101108002	-207807.0	184676	Distal
chr1	37466100	37466200	58.981667	63.611668	66.666664	92.85667	98.14833	97.14333	97.221664	100.0	93.153336	82.05166625976562	68.6500015258789	75.0																													Distal Intergenic	101108002	-207507.0	184677	Distal
chr1	37466900	37467000	100.0	100.0	100.0	100.0	94.445	100.0	95.0	83.335	87.5	87.5	95.0	95.0																													Distal Intergenic	101108002	-206707.0	184678	Distal
chr1	37467200	37467300	67.5	79.165	85.0	92.855	90.0	58.335	79.49	75.715	100.0	90.0	90.91000366210938	93.33499908447266																													Distal Intergenic	101108002	-206407.0	184679	Distal
chr1	37467300	37467400	87.5	92.855	91.665	100.0	85.455	100.0	100.0	68.75	100.0	80.0	89.28500366210938	91.66999816894531																													Distal Intergenic	101108002	-206307.0	184680	Distal
